1.67e+05 3.37e+01
2.38e+05 2.93e+01
2.40e+05 2.60e+01
3.76e+05 2.36e+01
5.08e+05 2.16e+01
5.12e+05 1.99e+01
5.50e+05 1.86e+01
2.02e+06 1.74e+01
2.05e+06 1.64e+01
2.09e+06 1.55e+01
2.41e+06 1.48e+01
2.67e+06 1.41e+01
3.14e+06 1.34e+01
3.17e+06 1.29e+01
3.20e+06 1.24e+01
3.38e+06 1.19e+01
3.45e+06 1.15e+01
3.70e+06 1.11e+01
6.06e+06 1.07e+01
9.18e+06 1.04e+01
1.63e+07 1.01e+01
1.65e+07 9.80e+00
1.85e+07 9.52e+00
2.59e+07 9.26e+00
3.00e+07 9.02e+00
3.57e+07 8.79e+00
3.64e+07 8.58e+00
3.84e+07 8.37e+00
3.88e+07 8.18e+00
7.76e+07 8.00e+00
8.61e+07 7.82e+00
1.38e+09 7.65e+00
1.73e+09 7.49e+00
1.86e+09 7.34e+00
1.90e+09 7.20e+00
3.40e+09 7.06e+00
3.61e+09 6.92e+00
3.69e+09 6.80e+00
3.72e+09 6.67e+00
3.80e+09 6.55e+00
4.02e+09 6.44e+00
4.18e+09 6.33e+00
4.31e+09 6.23e+00
5.18e+09 6.12e+00
5.57e+09 6.03e+00
5.62e+09 6.00e+00
5.62e+09 6.00e+00
5.62e+09 6.00e+00
