M_BH PhiM_growth PhiM_tot PhiM_obs
1.08e+02 0.0 0.0 0.42467953299367256
1.24e+02 0.0 0.0 0.3661050827870719
1.43e+02 0.0 0.0 0.3156095857577431
1.66e+02 0.0 0.0 0.2720787423413138
1.91e+02 0.0 0.0 0.23455194411282787
2.21e+02 7.117546973664824e-60 1.5772259999999913e-06 0.2022010757471065
2.55e+02 6.86433933857237e-54 4.731677999999974e-06 0.17431224074482746
2.95e+02 3.108889203324374e-49 0.00010251968999999946 0.15027000766033494
3.41e+02 2.3002527334205182e-45 0.0004116559859999978 0.12954382918787535
3.93e+02 4.7469290950593035e-42 0.0008927099159999951 0.11167633441208683
4.54e+02 3.6977982447385346e-39 0.0010188879959999945 0.09627323586425468
5.25e+02 1.3228406055852481e-36 0.0008406614579999956 0.08299462866025976
6.06e+02 2.494483075179356e-34 0.0005425657439999971 0.07154748971563912
7.00e+02 2.7470185578111056e-32 0.0003659164319999981 0.06167921151564398
8.09e+02 1.9123550579284426e-30 0.0003990381779999979 0.05317202774802471
9.34e+02 8.96495044067199e-29 0.0006860933099999964 0.0458382077872775
1.08e+03 2.980144931867617e-27 0.0009952296059999948 0.0395159139855677
1.25e+03 7.334608329277979e-26 0.0012128867939999934 0.03406563035190383
1.44e+03 1.3865093504187931e-24 0.0013296015179999929 0.029367083810133567
1.66e+03 2.078261338289066e-23 0.0011939600819999938 0.025316590096221298
1.92e+03 2.540179389298933e-22 0.0009179455319999951 0.021824765725911736
2.22e+03 2.595405521218623e-21 0.0007823040959999958 0.018814555542070614
2.56e+03 2.266262109691485e-20 0.0005693785859999971 0.016219532314987052
2.96e+03 1.7242703437601718e-19 0.0003848431439999981 0.013982430872397951
3.42e+03 1.1622845871137099e-18 0.0002539333859999998 0.01205388441143347
3.95e+03 7.036962997559478e-18 0.00013879588800000628 0.01039133510629352
4.56e+03 3.868143988122996e-17 4.889400600003842e-05 0.00895809497170172
5.26e+03 1.946122940837449e-16 0.00010251969000019405 0.007722536257923843
6.08e+03 9.014285341195312e-16 0.00020977105800090031 0.006657393511550168
7.02e+03 3.86043890114791e-15 0.00036433920600385854 0.005739161900403775
8.11e+03 1.5335904822004448e-14 0.0004952489640153333 0.0049475785252266705
9.37e+03 5.667008263376201e-14 0.0004447777320566677 0.004265175272090271
1.08e+04 1.9529597194886523e-13 0.00032333133019529423 0.003676893338187717
1.25e+04 6.292791764912076e-13 0.00011040582062927859 0.0031697509246309047
1.44e+04 1.9008167564717328e-12 7.886130190081633e-05 0.002732556763127663
1.67e+04 5.396876385228577e-12 7.728407939687598e-05 0.0023556631548446766
1.93e+04 1.4441766700189453e-11 6.151182844176637e-05 0.0020307530716893417
2.22e+04 3.652092270011439e-11 4.416236452092246e-05 0.0017506566219094406
2.57e+04 8.751025470696094e-11 3.3121833510254533e-05 0.0015091928299009786
2.97e+04 1.9920390820161287e-10 2.3658589203908075e-05 0.001301033238730817
3.43e+04 4.3186750686177917e-10 2.3658821867506735e-05 0.0011215843254493354
3.96e+04 8.938619967099853e-10 1.2618701861996643e-05 0.0009668861344158641
4.57e+04 1.7703949182675957e-09 1.892848239491817e-05 0.000833524891747513
5.28e+04 3.3629485938789625e-09 1.4198396948593802e-05 0.0007185576725277533
6.10e+04 6.1397392494894016e-09 1.4201173739249412e-05 0.0006194474583830051
7.04e+04 1.0795634645483718e-08 1.5880216346454753e-06 0.0005340071523229413
8.13e+04 1.8317454363530825e-08 7.90444745436349e-06 0.000460351315402876
9.39e+04 3.004787177580337e-08 4.761725871775778e-06 0.000396854560166423
1.08e+05 4.773877950011962e-08 4.779416779500094e-06 0.00034211568272380727
1.25e+05 7.35835745328101e-08 9.53693957453276e-06 0.0002949267419574436
1.45e+05 1.1021785848730794e-07 9.573573858487257e-06 0.0002542464035161612
1.67e+05 1.606797592588523e-07 2.6973521759258714e-05 0.00021917696037185207
1.93e+05 2.2832433459118788e-07 3.38277633459117e-06 0.00018894452284414528
2.23e+05 3.16690849829829e-07 3.16690849829829e-07 0.0001628819409403249
2.58e+05 4.2932645491751964e-07 4.2932645491751964e-07 0.0001404140821525511
2.97e+05 5.695742247131805e-07 5.695742247131805e-07 0.00012104513983303841
3.44e+05 7.403371491216623e-07 7.403371491216623e-07 0.00010434769207722388
3.97e+05 9.438322291243654e-07 9.438322291243654e-07 8.995326967395962e-05
4.58e+05 1.181350398176229e-06 1.181350398176229e-06 7.75442249828041e-05
5.29e+05 1.45303875590925e-06 1.45303875590925e-06 6.68467223064418e-05
6.11e+05 1.757721764481932e-06 1.757721764481932e-06 5.762469507463803e-05
7.06e+05 2.092777625311158e-06 2.092777625311158e-06 4.967463649106063e-05
8.16e+05 2.4540847785307157e-06 2.4540847785307157e-06 4.282110868657873e-05
9.42e+05 2.8360509119099253e-06 2.8360509119099253e-06 3.691287127815422e-05
1.09e+06 3.231732589059718e-06 3.231732589059718e-06 3.18195439010492e-05
1.26e+06 3.6330474084882537e-06 3.6330474084882537e-06 2.7428729065429094e-05
1.45e+06 4.031072735244563e-06 4.031072735244563e-06 2.3643531846557656e-05
1.68e+06 4.41641629063549e-06 4.41641629063549e-06 2.0380421674829516e-05
1.94e+06 4.779635477569313e-06 4.779635477569313e-06 1.7567389041106706e-05
2.24e+06 5.111675698133196e-06 5.111675698133196e-06 1.5142356440811654e-05
2.58e+06 5.404294389315608e-06 5.404294389315608e-06 1.3051808490593917e-05
2.98e+06 5.650437897745069e-06 5.650437897745069e-06 1.1249610987935356e-05
3.45e+06 5.844542774923741e-06 5.844542774923741e-06 9.695992853519988e-06
3.98e+06 5.982740989566518e-06 5.982740989566518e-06 8.356668490578522e-06
4.60e+06 6.062958688837185e-06 6.062958688837185e-06 7.2020811940410915e-06
5.31e+06 6.084908910052919e-06 6.084908910052919e-06 6.206750913575013e-06
6.13e+06 6.049988450454869e-06 6.049988450454869e-06 5.348711977392711e-06
7.08e+06 5.961096648775302e-06 5.961096648775302e-06 4.6090283689064276e-06
8.18e+06 5.822398343339723e-06 5.822398343339723e-06 3.971375859688032e-06
9.45e+06 5.639054574129139e-06 5.639054574129139e-06 3.421681777530082e-06
1.09e+07 5.416943063677809e-06 5.416943063677809e-06 2.947814460254562e-06
1.26e+07 5.1623869038064545e-06 5.1623869038064545e-06 2.539315542345348e-06
1.46e+07 4.8819051287857185e-06 4.8819051287857185e-06 2.1871691666838065e-06
1.68e+07 4.581993879332937e-06 4.581993879332937e-06 1.8836030285026618e-06
1.94e+07 4.268942380646386e-06 4.268942380646386e-06 1.6219168611221347e-06
2.24e+07 3.948684427508398e-06 3.948684427508398e-06 1.3963345785955539e-06
2.59e+07 3.6266836663309186e-06 3.6266836663309186e-06 1.2018768124319528e-06
2.99e+07 3.3078496295928954e-06 3.3078496295928954e-06 1.0342510296006123e-06
3.46e+07 2.9964809984824762e-06 2.9964809984824762e-06 8.897568069876229e-07
3.99e+07 2.6962326606477617e-06 2.6962326606477617e-06 7.652041719284514e-07
4.61e+07 2.4101035110120327e-06 2.4101035110120327e-06 6.578432067631581e-07
5.32e+07 2.1404423864664438e-06 2.1404423864664438e-06 5.653033639140201e-07
6.15e+07 1.888969878257943e-06 1.888969878257943e-06 4.855411522531673e-07
7.10e+07 1.6568139555859603e-06 1.6568139555859603e-06 4.167950402374654e-07
8.20e+07 1.444557352522196e-06 1.444557352522196e-06 3.575465805141368e-07
9.48e+07 1.2522945560394252e-06 1.2522945560394252e-06 3.0648689795547133e-07
1.09e+08 1.0796960492771595e-06 1.0796960492771595e-06 2.624878013913592e-07
1.26e+08 9.260772820757001e-07 9.260772820757001e-07 2.245768812825592e-07
1.46e+08 7.904697247504411e-07 7.904697247504411e-07 1.9191604346320045e-07
1.69e+08 6.71691359722922e-07 6.71691359722922e-07 1.6378300481415067e-07
1.95e+08 5.684141064569118e-07 5.684141064569118e-07 1.395553419773952e-07
2.25e+08 4.792259629239741e-07 4.792259629239741e-07 1.1869674042200202e-07
2.60e+08 4.02686064766895e-07 4.02686064766895e-07 1.007451395619648e-07
3.00e+08 3.3737137728512376e-07 3.3737137728512376e-07 8.530251127170652e-08
3.47e+08 2.8191429960655716e-07 2.8191429960655716e-07 7.202604496678116e-08
4.00e+08 2.3503102469697523e-07 2.3503102469697523e-07 6.062054321218744e-08
4.62e+08 1.955410154215816e-07 1.955410154215816e-07 5.0831858282638155e-08
5.34e+08 1.6237838647527183e-07 1.6237838647527183e-07 4.244122283860813e-08
6.17e+08 1.3459629812701616e-07 1.3459629812701616e-07 3.526034744509064e-08
7.12e+08 1.1136565855568998e-07 1.1136565855568998e-07 2.91271745472693e-08
8.23e+08 9.196949959400613e-08 9.196949959400613e-08 2.390219320220751e-08
9.50e+08 7.579435047893801e-08 7.579435047893801e-08 1.9465231811633594e-08
1.10e+09 6.231980871831868e-08 6.231980871831868e-08 1.5712657774517874e-08
1.27e+09 5.11073237410272e-08 5.11073237410272e-08 1.255492385332358e-08
1.46e+09 4.1788995295579975e-08 4.1788995295579975e-08 9.914411593521777e-09
1.69e+09 3.405696945423796e-08 3.405696945423796e-08 7.723532776235584e-09
1.95e+09 2.7653810384053033e-08 2.7653810384053033e-08 5.923060917282026e-09
2.26e+09 2.236404948697128e-08 2.236404948697128e-08 4.460676293345185e-09
2.61e+09 1.8006972652558422e-08 1.8006972652558422e-08 3.289719477179839e-09
3.01e+09 1.4430603341543139e-08 1.4430603341543139e-08 2.3681588480413292e-09
3.48e+09 1.1506771911642005e-08 1.1506771911642005e-08 1.6577851491251273e-09
4.01e+09 9.127125046273029e-09 9.127125046273029e-09 1.123648242128083e-09
4.64e+09 7.199916875198965e-09 7.199916875198965e-09 7.337447335347845e-10
5.36e+09 5.647428537764324e-09 5.647428537764324e-09 4.589477062551175e-10
6.19e+09 4.403879158511324e-09 4.403879158511324e-09 2.731412164622543e-10
7.14e+09 3.4137131088929467e-09 3.4137131088929467e-09 1.5348651432386344e-10
8.25e+09 2.6301718968260505e-09 2.6301718968260505e-09 8.071356735998498e-11
9.53e+09 2.014081213549408e-09 2.014081213549408e-09 3.9314381887869885e-11
1.10e+10 1.532802875490019e-09 1.532802875490019e-09 1.752783255826525e-11
1.27e+10 1.1593168592123784e-09 1.1593168592123784e-09 7.055387250893823e-12
1.47e+10 8.714102508939022e-10 8.714102508939022e-10 2.5237729272561447e-12
1.70e+10 6.509580733803567e-10 6.509580733803567e-10 7.877187693319069e-13
1.96e+10 4.832862076280813e-10 4.832862076280813e-10 2.1004235511548062e-13
2.26e+10 3.5660966869807283e-10 3.5660966869807283e-10 4.6693701972633655e-14
2.61e+10 2.6154098283812103e-10 2.6154098283812103e-10 8.413635773504025e-15
3.02e+10 1.9066390569304368e-10 1.9066390569304368e-10 1.1894438873151756e-15
3.49e+10 1.3816766894269705e-10 1.3816766894269705e-10 1.270599022426634e-16
4.03e+10 9.95366670711924e-11 9.95366670711924e-11 9.820096752136678e-18
4.65e+10 7.129021035332965e-11 7.129021035332965e-11 5.2225274518640625e-19
5.37e+10 5.076679573480764e-11 5.076679573480764e-11 1.8036072863527383e-20
6.20e+10 3.594733706721172e-11 3.594733706721172e-11 3.7830171960630833e-22
7.16e+10 2.5311956004670103e-11 2.5311956004670103e-11 4.460713585813274e-24
8.27e+10 1.7725242149188993e-11 1.7725242149188993e-11 2.70440889396885e-26
9.56e+10 1.234530903515542e-11 1.234530903515542e-11 7.604419454979704e-29
1.10e+11 8.552460489949398e-12 8.552460489949398e-12 8.803782107446664e-32
1.27e+11 5.893801763198153e-12 5.893801763198153e-12 3.6572137862578617e-35
1.47e+11 4.040649744777856e-12 4.040649744777856e-12 4.65071548171307e-39
1.70e+11 2.7560925042757298e-12 2.7560925042757298e-12 1.506938030983085e-43
1.96e+11 1.8705039240905913e-12 1.8705039240905913e-12 1.0065726254902845e-48
2.27e+11 1.2632248487801682e-12 1.2632248487801682e-12 1.0851075443044461e-54
2.62e+11 8.489740108601956e-13 8.489740108601956e-13 1.4230081981889404e-61
3.03e+11 5.678502497042177e-13 5.678502497042177e-13 1.6377578975857845e-69
3.50e+11 3.7803532325975083e-13 3.7803532325975083e-13 1.1345481834873213e-78
4.04e+11 2.505087772915392e-13 2.505087772915392e-13 3.060318547804301e-89
4.66e+11 1.6524859951459165e-13 1.6524859951459165e-13 1.9435794199566053e-101
5.39e+11 1.0851969285691314e-13 1.0851969285691314e-13 1.6255093000784916e-115
6.22e+11 7.095226717789222e-14 7.095226717789222e-14 9.151186995395063e-132
7.19e+11 4.61892957014434e-14 4.61892957014434e-14 1.5975098944879195e-150
8.30e+11 2.994080640329251e-14 2.994080640329251e-14 3.53258033815535e-172
