M_BH PhiM_growth PhiM_tot PhiM_obs
1.08e+02 0.0 0.0 0.42467953299367256
1.24e+02 0.0 0.0 0.3661050827870719
1.43e+02 0.0 0.0 0.3156095857577431
1.66e+02 0.0 0.0 0.2720787423413138
1.91e+02 0.0 0.0 0.23455194411282787
2.21e+02 2.2522288392888526e-36 1.5772259999999913e-06 0.2022010757471065
2.55e+02 1.4481030729789425e-31 4.731677999999974e-06 0.17431224074482746
2.95e+02 4.703670122832552e-28 0.00010251968999999946 0.15027000766033494
3.41e+02 2.7191489592191115e-25 0.0004116559859999978 0.12954382918787535
3.93e+02 4.82357071792598e-23 0.0008927099159999951 0.11167633441208683
4.54e+02 3.5799341421148e-21 0.0010188879959999945 0.09627323586425468
5.25e+02 1.3600323208686566e-19 0.0008406614579999956 0.08299462866025976
6.06e+02 3.0513171815890957e-18 0.0005425657440000001 0.07154748971563912
7.00e+02 4.506043222979938e-17 0.00036591643200004304 0.06167921151564398
8.09e+02 4.779244180945679e-16 0.00039903817800047574 0.05317202774802471
9.34e+02 3.915770363517553e-15 0.0006860933100039121 0.0458382077872775
1.08e+03 2.631938436713209e-14 0.000995229606026314 0.0395159139855677
1.25e+03 1.5184977318714337e-13 0.001212886794151843 0.03406563035190383
1.44e+03 7.737514432897679e-13 0.0013296015187737444 0.029367083810133567
1.66e+03 3.5297357504893676e-12 0.0011939600855297296 0.025316590096221298
1.92e+03 1.4480970074947878e-11 0.0009179455464809652 0.021824765725911736
2.22e+03 5.350397123018655e-11 0.000782304149503967 0.018814555542070614
2.56e+03 1.783640916240815e-10 0.0005693787643640886 0.016219532314987052
2.96e+03 5.382887711344802e-10 0.0003848436822887691 0.013982430872397951
3.42e+03 1.4775526103851764e-09 0.000253934863552609 0.01205388441143347
3.95e+03 3.7091931377972127e-09 0.00013879959719313703 0.01039133510629352
4.56e+03 8.565808754555164e-09 4.890257180875429e-05 0.00895809497170172
5.26e+03 1.8305048626053717e-08 0.00010253799504862551 0.007722536257923843
6.08e+03 3.640712364435853e-08 0.00020980746512364322 0.006657393511550168
7.02e+03 6.776620109180883e-08 0.00036440697220108993 0.005739161900403775
8.11e+03 1.186680942118264e-07 0.0004953676320942091 0.0049475785252266705
9.37e+03 1.964786686001071e-07 0.00044497421066859775 0.004265175272090271
1.08e+04 3.0903914640186853e-07 0.00032364036914640017 0.003676893338187717
1.25e+04 4.638532572860919e-07 0.00011086967325728549 0.0031697509246309047
1.44e+04 6.672210992516547e-07 7.952852109925122e-05 0.002732556763127663
1.67e+04 9.234935005639037e-07 7.82075675005635e-05 0.0023556631548446766
1.93e+04 1.2345771948388363e-06 6.27463911948385e-05 0.0020307530716893417
2.22e+04 1.5997319384787643e-06 4.576205993847853e-05 0.0017506566219094406
2.57e+04 2.015603893572842e-06 3.513734989357266e-05 0.0015091928299009786
2.97e+04 2.476377017017487e-06 2.6134767017017362e-05 0.001301033238730817
3.43e+04 2.9739221179969515e-06 2.6632312117996825e-05 0.0011215843254493354
3.96e+04 3.4978808846209075e-06 1.611568888462084e-05 0.0009668861344158641
4.57e+04 4.03571282594182e-06 2.2962424825941716e-05 0.000833524891747513
5.28e+04 4.572816114381684e-06 1.876785011438161e-05 0.0007185576725277533
6.10e+04 5.092870920509334e-06 1.9287904920509257e-05 0.0006194474583830051
7.04e+04 5.578525535550259e-06 7.1557515355502515e-06 0.0005340071523229413
8.13e+04 6.012455985126285e-06 1.3898585985126243e-05 0.000460351315402876
9.39e+04 6.378707474942683e-06 1.1110385474942658e-05 0.000396854560166423
1.08e+05 6.664113616017637e-06 1.1395791616017612e-05 0.00034211568272380727
1.25e+05 6.859528508164402e-06 1.632288450816435e-05 0.0002949267419574436
1.45e+05 6.9606219867378045e-06 1.6423977986737755e-05 0.0002542464035161612
1.67e+05 6.968077455588548e-06 3.3780919455588406e-05 0.00021917696037185207
1.93e+05 6.8871665347626226e-06 1.0041618534762604e-05 0.00018894452284414528
2.23e+05 6.726812291089748e-06 6.726812291089748e-06 0.0001628819409403249
2.58e+05 6.498351994839661e-06 6.498351994839661e-06 0.0001404140821525511
2.97e+05 6.214246399192992e-06 6.214246399192992e-06 0.00012104513983303841
3.44e+05 5.88695360337893e-06 5.88695360337893e-06 0.00010434769207722388
3.97e+05 5.528109784029696e-06 5.528109784029696e-06 8.995326967395962e-05
4.58e+05 5.148065152669982e-06 5.148065152669982e-06 7.75442249828041e-05
5.29e+05 4.75573950099915e-06 4.75573950099915e-06 6.68467223064418e-05
6.11e+05 4.358706685049905e-06 4.358706685049905e-06 5.762469507463803e-05
7.06e+05 3.963397950030859e-06 3.963397950030859e-06 4.967463649106063e-05
8.16e+05 3.5753255273480952e-06 3.5753255273480952e-06 4.282110868657873e-05
9.42e+05 3.199259006576293e-06 3.199259006576293e-06 3.691287127815422e-05
1.09e+06 2.839324350198525e-06 2.839324350198525e-06 3.18195439010492e-05
1.26e+06 2.4990280509761572e-06 2.4990280509761572e-06 2.7428729065429094e-05
1.45e+06 2.181230216901163e-06 2.181230216901163e-06 2.3643531846557656e-05
1.68e+06 1.8880984875658302e-06 1.8880984875658302e-06 2.0380421674829516e-05
1.94e+06 1.6210716993785411e-06 1.6210716993785411e-06 1.7567389041106706e-05
2.24e+06 1.3808524655327062e-06 1.3808524655327062e-06 1.5142356440811654e-05
2.58e+06 1.167436173839647e-06 1.167436173839647e-06 1.3051808490593917e-05
2.98e+06 9.801742009526585e-07 9.801742009526585e-07 1.1249610987935356e-05
3.45e+06 8.178633981371902e-07 8.178633981371902e-07 9.695992853519988e-06
3.98e+06 6.788521695044536e-07 6.788521695044536e-07 8.356668490578522e-06
4.60e+06 5.611544351491473e-07 5.611544351491473e-07 7.2020811940410915e-06
5.31e+06 4.6256473034001574e-07 4.6256473034001574e-07 6.206750913575013e-06
6.13e+06 3.807693266183055e-07 3.807693266183055e-07 5.348711977392711e-06
7.08e+06 3.134490675909723e-07 3.134490675909723e-07 4.6090283689064276e-06
8.18e+06 2.583698211811361e-07 2.583698211811361e-07 3.971375859688032e-06
9.45e+06 2.1345664878846226e-07 2.1345664878846226e-07 3.421681777530082e-06
1.09e+07 1.7684850463552982e-07 1.7684850463552982e-07 2.947814460254562e-06
1.26e+07 1.4693169919339178e-07 1.4693169919339178e-07 2.539315542345348e-06
1.46e+07 1.2235230796843867e-07 1.2235230796843867e-07 2.1871691666838065e-06
1.68e+07 1.0200975712045952e-07 1.0200975712045952e-07 1.8836030285026618e-06
1.94e+07 8.503550490501375e-08 8.503550490501375e-08 1.6219168611221347e-06
2.24e+07 7.076172718195309e-08 7.076172718195309e-08 1.3963345785955539e-06
2.59e+07 5.868508603873092e-08 5.868508603873092e-08 1.2018768124319528e-06
2.99e+07 4.843010255894903e-08 4.843010255894903e-08 1.0342510296006123e-06
3.46e+07 3.9715599290110225e-08 3.9715599290110225e-08 8.897568069876229e-07
3.99e+07 3.232640797723245e-08 3.232640797723245e-08 7.652041719284514e-07
4.61e+07 2.609130959000034e-08 2.609130959000034e-08 6.578432067631581e-07
5.32e+07 2.0867166943695577e-08 2.0867166943695577e-08 5.653033639140201e-07
6.15e+07 1.6528514545708893e-08 1.6528514545708893e-08 4.855411522531673e-07
7.10e+07 1.2961494058912238e-08 1.2961494058912238e-08 4.167950402374654e-07
8.20e+07 1.0060918941815221e-08 1.0060918941815221e-08 3.575465805141368e-07
9.48e+07 7.729341874984697e-09 7.729341874984697e-09 3.0648689795547133e-07
1.09e+08 5.877202213647496e-09 5.877202213647496e-09 2.624878013913592e-07
1.26e+08 4.423377839443028e-09 4.423377839443028e-09 2.245768812825592e-07
1.46e+08 3.2957054281714495e-09 3.2957054281714495e-09 1.9191604346320045e-07
1.69e+08 2.431234716657961e-09 2.431234716657961e-09 1.6378300481415067e-07
1.95e+08 1.7761327822049063e-09 1.7761327822049063e-09 1.395553419773952e-07
2.25e+08 1.2852532963494267e-09 1.2852532963494267e-09 1.1869674042200202e-07
2.60e+08 9.214404967897972e-10 9.214404967897972e-10 1.007451395619648e-07
3.00e+08 6.546589522671298e-10 6.546589522671298e-10 8.530251127170652e-08
3.47e+08 4.6103914082935826e-10 4.6103914082935826e-10 7.202604496678116e-08
4.00e+08 3.219150265522803e-10 3.219150265522803e-10 6.062054321218744e-08
4.62e+08 2.2291053648119933e-10 2.2291053648119933e-10 5.0831858282638155e-08
5.34e+08 1.5311207110841447e-10 1.5311207110841447e-10 4.244122283860813e-08
6.17e+08 1.0434682512022528e-10 1.0434682512022528e-10 3.526034744509064e-08
7.12e+08 7.057306931123299e-11 7.057306931123299e-11 2.91271745472693e-08
8.23e+08 4.737889540942342e-11 4.737889540942342e-11 2.390219320220751e-08
9.50e+08 3.1579864116808825e-11 3.1579864116808825e-11 1.9465231811633594e-08
1.10e+09 2.090283333549317e-11 2.090283333549317e-11 1.5712657774517874e-08
1.27e+09 1.3742213636771413e-11 1.3742213636771413e-11 1.255492385332358e-08
1.46e+09 8.97529672207705e-12 8.97529672207705e-12 9.914411593521777e-09
1.69e+09 5.824549907037588e-12 5.824549907037588e-12 7.723532776235584e-09
1.95e+09 3.756428961054424e-12 3.756428961054424e-12 5.923060917282026e-09
2.26e+09 2.4080311105453117e-12 2.4080311105453117e-12 4.460676293345185e-09
2.61e+09 1.5345995819058095e-12 1.5345995819058095e-12 3.289719477179839e-09
3.01e+09 9.723962977669937e-13 9.723962977669937e-13 2.3681588480413292e-09
3.48e+09 6.12735762504256e-13 6.12735762504256e-13 1.6577851491251273e-09
4.01e+09 3.840154912324903e-13 3.840154912324903e-13 1.123648242128083e-09
4.64e+09 2.394038974806826e-13 2.394038974806826e-13 7.337447335347845e-10
5.36e+09 1.4848398677994427e-13 1.4848398677994427e-13 4.589477062551175e-10
6.19e+09 9.163273066694596e-14 9.163273066694596e-14 2.731412164622543e-10
7.14e+09 5.6272824629429313e-14 5.6272824629429313e-14 1.5348651432386344e-10
8.25e+09 3.4393489557909514e-14 3.4393489557909514e-14 8.071356735998498e-11
9.53e+09 2.09234625007309e-14 2.09234625007309e-14 3.9314381887869885e-11
1.10e+10 1.2671238738619475e-14 1.2671238738619475e-14 1.752783255826525e-11
1.27e+10 7.639753953460013e-15 7.639753953460013e-15 7.055387250893823e-12
1.47e+10 4.586266261190325e-15 4.586266261190325e-15 2.5237729272561447e-12
1.70e+10 2.7415860499621867e-15 2.7415860499621867e-15 7.877187693319069e-13
1.96e+10 1.6321074474980256e-15 1.6321074474980256e-15 2.1004235511548062e-13
2.26e+10 9.676979973316984e-16 9.676979973316984e-16 4.6693701972633655e-14
2.61e+10 5.71496651533163e-16 5.71496651533163e-16 8.413635773504025e-15
3.02e+10 3.362075010848175e-16 3.362075010848175e-16 1.1894438873151756e-15
3.49e+10 1.9704106429854498e-16 1.9704106429854498e-16 1.270599022426634e-16
4.03e+10 1.150525422634098e-16 1.150525422634098e-16 9.820096752136678e-18
4.65e+10 6.693589633227387e-17 6.693589633227387e-17 5.2225274518640625e-19
5.37e+10 3.880408336474217e-17 3.880408336474217e-17 1.8036072863527383e-20
6.20e+10 2.2417243782958214e-17 2.2417243782958214e-17 3.7830171960630833e-22
7.16e+10 1.2906347243650048e-17 1.2906347243650048e-17 4.460713585813274e-24
8.27e+10 7.405760555005606e-18 7.405760555005606e-18 2.70440889396885e-26
9.56e+10 4.235542853167487e-18 4.235542853167487e-18 7.604419454979704e-29
1.10e+11 2.4146185327994895e-18 2.4146185327994895e-18 8.803782107446664e-32
1.27e+11 1.3721892792653296e-18 1.3721892792653296e-18 3.6572137862578617e-35
1.47e+11 7.773752806100539e-19 7.773752806100539e-19 4.65071548171307e-39
1.70e+11 4.390591151376016e-19 4.390591151376016e-19 1.506938030983085e-43
1.96e+11 2.4723747829799947e-19 2.4723747829799947e-19 1.0065726254902845e-48
2.27e+11 1.3881215157640185e-19 1.3881215157640185e-19 1.0851075443044461e-54
2.62e+11 7.771136729755763e-20 7.771136729755763e-20 1.4230081981889404e-61
3.03e+11 4.3381735035932543e-20 4.3381735035932543e-20 1.6377578975857845e-69
3.50e+11 2.4149888413074413e-20 2.4149888413074413e-20 1.1345481834873213e-78
4.04e+11 1.3406924388862698e-20 1.3406924388862698e-20 3.060318547804301e-89
4.66e+11 7.422814691552411e-21 7.422814691552411e-21 1.9435794199566053e-101
5.39e+11 4.0987531038166636e-21 4.0987531038166636e-21 1.6255093000784916e-115
6.22e+11 2.2573414926669174e-21 2.2573414926669174e-21 9.151186995395063e-132
7.19e+11 1.2400029182334484e-21 1.2400029182334484e-21 1.5975098944879195e-150
8.30e+11 6.794308070231557e-22 6.794308070231557e-22 3.53258033815535e-172
